	chA	chB
1123514	97301372418	82850234596
976208	84497653898	72161501306
845117	73289754229	62307760158
403581	35029574840	30063725619
1015390	87810618653	75120195130
175534	15342402867	13067014998
1124142	97356487553	82904214924
1117813	96774188588	82454800198
1214250	105130227769	89328378354
936197	81097361335	69094946350
1190895	103150973634	87638995948
240331	20855180446	17699319825
710658	61483076623	52757457710
1650209	0	121372120445
88821	7874222487	6689565092
1532135	0	112661135601
141046	12362635962	10660029577
340999	29624140087	25300343384
731099	63238806594	54205920465
648477	56181397591	48012991411
981797	84960151060	72580339010
877264	76071084426	64642279499
318088	27644806465	23477565903
1113793	96405109133	82168379300
259074	22495790010	19063876089
934700	80979191319	68984964260
507522	43928500155	37418530216
291816	25348439019	21478710269
1127567	97673604097	83131692086
570646	49467743924	41989225236
233142	20245843190	17186141369
362118	31476200858	26918856425
770625	66672177322	57025478827
474674	41072451425	35059940436
530489	45948254935	39070241019
866039	75105226796	63803318638
772057	66791947277	57130261337
1344574	116251196314	99246938976
209182	18218440937	15478948609
262515	22795889717	19309755781
392134	34021955247	29211195080
1729064	0	127308835160
758416	65597392679	56170412605
102272	9064613163	7710994549
1610592	0	118396515507
1098873	95072379383	81119347743
628623	54471489074	46448609495
1427650	123614806113	105192955975
1258705	108938975862	92671943825
965945	83636739921	71374778524
1467887	127210061896	108096895921
1069959	92503502197	79061159814
1255871	108699402870	92453762321
499569	43215585761	36851044014
1486544	0	109421915606
357922	31107712806	26603262270
401760	34866528230	29940312983
507119	43895754300	37385227096
996957	86250722583	73709416296
1118901	96870015090	82533031859
1450613	125669562763	106859755269
1562194	0	114826017718
1456387	126184305698	107267020959
806924	69871910040	59599715265
309083	26853534852	22781396532
884246	76676612881	65152034420
99197	8790403672	7476289279
389554	33800030211	29020121843
834309	72319263202	61522593810
506931	43882114042	37373080608
1444987	125170316269	106448728260
1357446	117384831985	100198635318
1231361	106615231871	90601470544
570846	49482389962	42001599276
493822	42710702160	36443613952
358603	31169855856	26663098546
667286	57817639697	49482528969
1413207	122313945490	104157181483
284054	24681887221	20901032898
829638	71893529003	61198507856
994837	86076908620	73552964462
275398	23918841411	20251016973
1397791	120935943064	103075460819
315380	27405157123	23255220247
852674	73945827920	62843039265
1010307	87363156958	74735324063
74550	6589884967	5613973927
267674	23236380105	19688983181
505785	43778709355	37292565456
1325128	114579920281	97792794520
20762	1802188511	1494703304
882110	76492128684	64998163179
907926	78697750232	66935275565
655785	56814156791	48584009051
322963	28066035663	23866871883
222520	19351427449	16411486871
144996	12709254818	10939396687
1659993	0	122116388846
727110	62905213447	53929161365
720959	62362586971	53494984537
1404770	121559725343	103572853211
622727	53961077875	45981063255
947753	82086483466	69977158343
942142	81605692015	69550929257
1616381	0	118822406885
1692141	0	124537039708
676587	58602155249	50217987160
1388935	120135625468	102447895389
1562285	0	114831846989
1638557	0	120474627154
586301	50803067317	43152128017
1688618	0	124269167197
5925	526852858	428021427
467521	40461226247	34541325412
1152834	99884190615	84931405980
1092043	94463091573	80648442813
820491	71087571635	60552610959
39749	3473573807	2923047054
884707	76712387072	65187248381
987509	85444356480	73009477372
990465	85707036889	73225952365
1692025	0	124530277005
781746	67653905131	57813782513
23439	2048138523	1690866653
321824	27963274668	23773039719
407555	35367028612	30351673436
1184749	102635427015	87205934417
913817	79186360673	67374767613
987875	85484183255	73032850716
1684953	0	123997681025
768298	66472683179	56859337954
1137763	98569077703	83861982696
900355	78040699412	66361918276
1660384	0	122140326327
1236691	107084792873	91005822243
915613	79339780292	67522043726
184605	16125313082	13712043504
459732	39798452182	33996709860
873726	75753921418	64377677485
100934	8939074949	7609297609
99578	8819055014	7510610077
223891	19459523352	16511178773
709198	61363701478	52650280079
458555	39696760980	33905141571
1543920	0	113489710332
1590116	0	116861839049
187130	16342837845	13894800488
146025	12800577154	11016585969
1046216	90422111784	77349973765
506885	43878727324	37370251195
363292	31577922559	27009034387
339584	29500400148	25179839028
1159087	100431874213	85360888992
1033906	89365344626	76458227063
40350	3519211026	2964255402
1538659	0	113115043062
1190337	103105378350	87603144374
1174645	101777575361	86484896957
184839	16147482976	13728837889
856643	74294883414	63126377719
184043	16086307738	13678477294
1589755	0	116840678414
969426	83925521699	71635352941
303648	26376519396	22366255632
546207	47325384739	40200873015
488316	42233748904	36041947740
586196	50795494385	43144206028
1683071	0	123857348200
129768	11422279612	9839766819
416054	36107300346	30939546530
748900	64764329877	55490910281
201012	17532887559	14881945860
1520147	0	111797762627
1039394	89839105268	76858716323
1681948	0	123772326254
1608284	0	118211266641
545217	47237482331	40134362942
1109671	96041439383	81884733422
1363725	117926042188	100636392603
839563	72785992396	61907261639
839639	72794086141	61914599347
270810	23514140201	19925888330
575453	49875495331	42352804538
50796	4450858119	3764502733
1054958	91190797095	77992784318
1670660	0	122922338641
1519134	0	111735855109
1666173	0	122588651564
230568	20028491380	16997947387
302393	26271924779	22269963460
373038	32398417041	27767127752
1303468	112717915632	96119561424
781014	67587263890	57754622167
458326	39679992526	33893317911
680005	58886925909	50476363672
692443	59934684801	51426160415
473963	41011161315	35010179694
1159949	100512761806	85427769457
110276	9766552755	8333510766
823079	71309634151	60732859241
1138318	98611598812	83899194422
368706	32019747087	27439307093
832100	72126822035	61374303435
184250	16100836756	13692097935
603481	52280958055	44476259262
230110	19975928151	16971744162
131865	11595713251	9990966499
1713160	0	126129141279
572196	49592653012	42100324315
653996	56663632259	48434603965
501293	43373653295	36971641791
574013	49756563018	42245859123
399864	34692487762	29791065144
123855	10923264649	9385778882
1239030	107301490657	91184709529
729925	63141957712	54124356545
41912	3659963620	3088377087
800025	69272085644	59112670391
1209007	104683375512	88946623259
971118	84070086245	71768060752
893470	77452893409	65833855092
242269	21024949665	17842525396
756698	65447706559	56043075995
975527	84446264954	72109278498
1493490	0	109916020050
1480101	0	108960761236
1386031	119889442813	102242824434
70949	6277420763	5325338752
1702079	0	125285459267
1136423	98450567938	83768928887
374207	32502327365	27857462673
1056523	91333277351	78101223604
1668774	0	122784122397
918792	79608884312	67757407788
871787	75593093056	64227191270
270097	23451593871	19867386459
455307	39427672968	33689300642
1097455	94947417411	81023128497
1565636	0	115085457107
89388	7925069124	6735467850
805194	69728097094	59479478930
933012	80826017438	68861297293
209797	18269281712	15525531522
809952	70145085100	59812721033
1064530	92024804945	78672306564
610888	52933571341	45044038007
552086	47837940923	40636101179
900907	78093390658	66398781365
473643	40985763868	34982817163
1409952	122020702995	103933269892
6659	593717429	475299024
1062031	91802944593	78493608650
154817	13532419421	11636692852
511762	44301940340	37733589183
1596789	0	117366145171
1522083	0	111940067437
999931	86492939824	73933108864
662800	57428709800	49136941672
799118	69185881500	59055875518
142715	12509437694	10782039142
244714	21244637504	18022989402
1709901	0	125882018388
786060	68037735188	58117659265
1440284	124743043295	106100254751
3559	327297174	252271278
1065124	92067960485	78707038464
566509	49100861573	41687687602
648890	56209174100	48040498737
1228810	106386242322	90410699461
909693	78847379375	67065489059
1426647	123523809363	105119733964
516980	44766507963	38099032472
1348146	116562752528	99513450020
1598721	0	117512179570
823724	71376918628	60783282748
413946	35927260496	30803463925
147116	12887794250	11095186236
1250649	108265026003	92062580590
238850	20731021624	17589373239
1025195	88621915457	75823949674
4796	430599541	345403937
710898	61497922576	52772506466
1442820	124979995117	106284918926
645644	55931445110	47782576420
341121	29637225547	25309965972
1017475	87980134785	75258550627
232251	20162434183	17123308242
1599375	0	117554697777
980150	84832641535	72455183299
587561	50910889317	43245036756
45522	3981468621	3363688354
939895	81414092399	69381403731
1457645	126289698583	107358560154
1171345	101497097700	86249240828
155310	13582965013	11677047615
1448960	125516758095	106740552908
103056	9127495669	7763669093
473814	41001065521	34998039917
1445078	125178670294	106453843793
1001647	86638422378	74067670317
525323	45503171207	38691923738
333491	28985888975	24693036664
1592047	0	117017180133
665574	57657507921	49357926200
138347	12146795662	10472713115
1409938	122019873223	103931338454
1284661	111116336859	94667502738
1638450	0	120464610983
720806	62352272216	53482478928
91824	8132064104	6908036190
863820	74911990850	63641543261
1384217	119727251351	102119913085
653302	56594573034	48389428049
1632700	0	120022018640
1108908	95973750286	81839541259
1345805	116357416648	99337788631
1516055	0	111499451016
311940	27097362003	23004904581
465583	40303730135	34396713417
421766	36585093680	31339050023
962736	83368221648	71122024370
311009	27017265017	22928377285
1651447	0	121461782957
1502011	0	110514095970
1154344	100023915355	85034304690
352248	30611458309	26169453803
885612	76787900233	65254017550
1506199	0	110810093853
190860	16667165015	14162278671
425062	36858740399	31577104461
1625026	0	119457783287
1253592	108504449967	92279216187
773977	66967133086	57260618175
1215055	105205901072	89380750717
66749	5902220531	4988413560
354948	30836645959	26380395494
936561	81125033299	69124838933
371473	32266519130	27652206238
1683813	0	123911934891
756539	65435598263	56031037469
690064	59730541989	51253356658
595786	51617004057	43880072309
930140	80583664548	68638246918
809542	70109733553	59783723960
1612393	0	118534220908
1074561	92910301440	79386531169
438693	38017824488	32537479649
1147159	99378763823	84520171573
525100	45478454986	38677292393
1455748	126134401744	107228353372
1389469	120189763185	102491190872
407127	35336965885	30325727933
364257	31655960024	27083681231
1609530	0	118313334639
650470	56348356647	48164358157
255757	22208151076	18815729093
1283039	110985293279	94549461277
1463951	126858676928	107810061798
559037	48442091312	41146643356
1144153	99125886192	84302326811
576489	49964831144	42428818740
1332415	115204215167	98339405209
481497	41649138177	35552340595
868803	75338727338	63998513288
994360	86025738200	73515959823
1365694	118100702124	100780384967
1260655	109089306405	92823248266
662326	57381506260	49098747645
636706	55154594174	47085374512
484897	41937233759	35809025706
1066518	92191521788	78804897230
1113023	96343540150	82125123174
292033	25362484421	21492295179
266663	23144380507	19617972478
769808	66597240527	56970342553
878815	76202716802	64754112239
543870	47117305127	40038303778
428317	37131027577	31796032841
567744	49208355186	41779709321
386546	33548582017	28803905008
467266	40443083681	34521209062
1482936	0	109159159073
1212713	105003074175	89204182823
670976	58125658019	49772559041
364935	31701620759	27142787694
1430972	123908365957	105423431552
845231	73299147431	62318583133
987493	85443196827	73008083038
1012662	87568869397	74922972041
204102	17777060675	15116017975
791860	68553260315	58525856012
1190225	103098630601	87593249639
1364569	118001848653	100699679243
1580742	0	116176650454
597853	51797407219	44034971557
994513	86041779938	73524922304
638029	55269433821	47186818865
1416695	122623523927	104404108345
1606622	0	118092037181
82509	7301602602	6212047476
275985	23978455529	20297457563
91997	8145402019	6923625646
1640939	0	120660574388
1623803	0	119365133163
998469	86376564619	73819395112
276924	24061031383	20358963867
1578623	0	116024145958
809909	70141522553	59809972180
1445589	125219140222	106485497371
1488042	0	109529047884
127817	11255248254	9683809281
1409726	121999402701	103913000797
266036	23094044071	19572333091
527638	45709690893	38862617553
88061	7808955762	6631094107
1213945	105107436426	89297527092
843671	73153757695	62206982728
1507131	0	110882887542
1351129	116837050970	99729581992
1006133	87007247589	74402077884
1010194	87355769939	74726058385
1167096	101147557146	85935773489
1186297	102767271855	87317642412
344440	29934131392	25559368863
94881	8400556581	7148384876
25374	2210998728	1841590726
934794	80986563873	68990195300
1723810	0	126925392428
267567	23228611207	19682671880
1269102	109817883118	93473659700
1197603	103711979272	88120895943
360357	31317137704	26790044823
464646	40225340204	34340255133
1307274	113038716392	96413630708
1016312	87882281362	75185090057
517244	44783882504	38118323785
137799	12092878912	10435848481
904769	78421460908	66690736805
559938	48523432364	41212704504
1518700	0	111697732015
745067	64442787467	55215770817
1017460	87977257570	75257850022
440440	38162546291	32652324344
1393865	120587937558	102798248691
1601441	0	117711779983
206741	18011060455	15304572384
370051	32140966186	27542175009
1295530	112035257892	95511168689
182648	15964611713	13576323745
1095728	94795106908	80906282469
214176	18633528615	15830778093
250523	21759629771	18436110623
1483893	0	109232095620
871454	75557059019	64198534619
1555252	0	114322482375
1591417	0	116961615759
1179145	102165727435	86798726911
1639629	0	120551749463
1115605	96576930451	82298019843
366948	31877689836	27292824309
1636519	0	120314672852
1181608	102376995331	86973976570
931759	80718477099	68763862293
1220230	105635231842	89768012414
1264785	109449399437	93140729122
212841	18523487663	15739649292
1613451	0	118608740120
454126	39328034942	33605135182
688564	59591902067	51140748768
246978	21443809091	18187655595
678687	58776012118	50372694225
286046	24857325401	21044878294
1524968	0	112143599200
1581727	0	116252742813
1036887	89621267687	76670518976
1414204	122404585887	104227903388
262885	22828368471	19343088183
981875	84965694193	72588542707
137042	12035521448	10375027779
1431242	123938456419	105442289555
3331	308357104	240272679
1168397	101260152102	86028571488
401258	34829296892	29896744813
730209	63171734584	54150843672
766725	66324905936	56750444572
684316	59245538058	50815686702
1000157	86509356918	73954886279
1151611	99769490973	84842690572
1255295	108654780418	92418722568
864782	74989991209	63710948653
279265	24265536396	20537851150
847330	73485569556	62463925644
764909	66178156876	56615531100
1711327	0	125987933211
1557420	0	114467313177
502231	43448954038	37041250142
1449348	125557554259	106765025634
728634	63032774574	54035074487
673178	58315676126	49950807174
1008097	87172217657	74565570823
1134227	98257027073	83607883068
1455260	126083059268	107191564294
1030018	89027800942	76180181873
428577	37153104744	31813457854
450183	38996376826	33326980975
1254572	108589419135	92355290838
136992	12031159576	10370317704
26583	2317110866	1928689340
838220	72663402922	61805281638
1563557	0	114928369911
1720918	0	126716851670
205483	17899009576	15213015403
644978	55874238375	47734648955
32169	2807346857	2347047152
767927	66431096617	56825395262
1691082	0	124451795498
1078039	93211104775	79646809188
1686553	0	124117422551
47686	4171692577	3523022302
723097	62546246741	53638821593
406643	35291005786	30287156566
412236	35784742529	30680929869
287963	25015125673	21194735403
1462766	126750688642	107728387169
740481	64057077891	54876655796
782109	67688650191	57835461556
1227739	106292657806	90325195148
421835	36590563771	31345378529
966227	83665940645	71394031373
794356	68777792751	58705747874
775741	67129861346	57381664938
634076	54934477338	46881470363
1547885	0	113774894638
910804	78934082727	67149799564
925033	80141044641	68238777834
653990	56662852210	48433964697
1398071	120963081883	103096927116
1726320	0	127101708495
344201	29909039624	25543162982
1072393	92725897847	79235497457
1318890	114043372383	97322576970
647255	56079117526	47912658841
481140	41610746769	35532670283
1145307	99226216705	84384322463
1104220	95543059386	81501755924
634661	54977773133	46926702556
1693256	0	124622500347
427687	37075002126	31757806793
739223	63940065595	54785153418
705163	61019511024	52359421138
852335	73912135061	62823145168
886755	76884547909	65340985489
61015	5382108804	4556883051
1693219	0	124619886292
504198	43625123135	37176574956
1546093	0	113651900137
1047981	90580052965	77473641715
1079194	93315421080	79730739784
760892	65817917904	56340584058
959815	83116299731	70905399976
1567325	0	115207295610
187571	16384856623	13920036222
24704	2155198162	1787133270
1305845	112917342439	96298972141
669915	58033708945	49687484105
1126427	97568401857	83058288977
17572	1541694844	1262521361
939603	81392166491	69361655601
1501995	0	110512677996
889333	77108004131	65533236182
1432482	124046260625	105533020790
1108162	95902321997	81781029059
938340	81284272545	69263361054
221436	19261358125	16339640422
1681485	0	123738442383
604318	52356754867	44544850437
1246866	107951938795	91778369015
107413	9511630965	8115656229
1048200	90598996117	77494048378
1620064	0	119087830346
577758	50070785311	42524968877
177628	15528175409	13219383216
802137	69459401058	59271363441
342039	29715467460	25372929793
68163	6021835296	5106581375
1637035	0	120355841975
291745	25342876130	21474443677
437020	37866574847	32408583464
696575	60289810962	51732035227
1181864	102403014506	86989133128
1497698	0	110209756831
1168133	101232910297	86010802511
1144988	99195194272	84365691062
622799	53969958067	45986076415
892087	77341480482	65733467791
1498820	0	110291739314
1158968	100422707471	85351901615
1314493	113661510343	96971270172
739708	63984852993	54825556030
1184708	102632343292	87202642440
1093694	94612844903	80764371304
696878	60319827044	51757790576
215774	18773936723	15943137630
1372724	118720459727	101281653112
171103	14945354696	12756600661
821870	71209724555	60649423542
24336	2124253553	1762121270
224092	19474109186	16527469454
1719530	0	126614816839
1616960	0	118864965157
295361	25645449727	21732759840
1651465	0	121462709732
778517	67367564332	57574964516
1042060	90062467803	77052689959
333456	28983541959	24688919477
1028671	88909737606	76083134005
805777	69773819313	59522555038
1240494	107421935293	91297729714
994521	86042611832	73525514080
1111491	96201783819	82018934864
1219151	105542362191	89689445079
1499702	0	110347923518
1463225	126795882978	107757692680
45293	3961870423	3341124314
1595067	0	117240775051
159155	13905715849	11940819653
1276623	110440483854	94053676983
260811	22647879672	19188484660
1652541	0	121548462227
805899	69783589550	59533032977
1203107	104182438929	88517305352
1189572	103035716784	87543842978
524535	45429032537	38628880860
72009	6368901482	5408242973
281550	24466717521	20712519492
1630200	0	119837752045
575048	49850701088	42319535779
227048	19732915809	16746749414
425200	36868769613	31584603939
1496777	0	110137117853
813408	70444149111	60059701670
1697172	0	124915992994
1057313	91398766638	78148775941
220530	19182026613	16283072895
1027521	88817327304	75997849902
1593080	0	117091032272
1483416	0	109188488900
590218	51132167465	43450027551
1220464	105663349237	89786546571
805911	69784621442	59533754194
1216286	105312175186	89470076526
561245	48642033275	41308075969
264353	22944030435	19453386123
1315319	113724573047	97043717691
663482	57480245502	49189504342
57481	5051743797	4281042517
1370948	118565171848	101152542719
1112252	96275915126	82067038675
1701427	0	125228846470
1185230	102680641355	87242264196
1645579	0	121008691643
534357	46291895537	39351569977
1655704	0	121782362581
174782	15269032817	13016977659
1345777	116355484022	99334337775
1388647	120115630560	102431207357
50138	4382258847	3709849484
363712	31604135488	27049375794
1653299	0	121602900161
315588	27426614066	23274719596
430477	37311514503	31951701952
1219705	105595646394	89735694319
1730396	0	127408011735
1101865	95332338159	81335786007
882927	76567232311	65057834687
741566	64143483219	54955403279
1170286	101413563830	86173826789
53102	4658087152	3934136638
1339402	115801384319	98860214638
936817	81155382951	69146813825
1731989	0	127517999442
480576	41573690562	35492160575
1029583	88988595302	76141348789
1490523	0	109706492352
304846	26483248454	22460209988
82842	7335305122	6235225594
1488806	0	109574496808
1525594	0	112189259921
988013	85498023102	73040423831
1063517	91937217623	78596091861
801735	69416121937	59241345920
923814	80041230540	68144930365
96385	8531415323	7261961311
1521023	0	111860025962
52087	4566001095	3867202374
102177	9053943688	7704429492
1056756	91357772586	78117180138
955849	82782349014	70604063394
162528	14192008412	12166275266
884851	76727184275	65200049180
1537936	0	113071596752
644266	55813205134	47669307073
267188	23199594085	19658976795
1641974	0	120736523755
134264	11797620390	10168566732
857149	74346786652	63159525858
1332828	115231980113	98374779588
845347	73306775095	62328584561
900750	78076356563	66389157675
328340	28528696028	24289683749
837331	72585652200	61748165511
1689989	0	124368159883
1386966	119967506511	102311759332
1414101	122396016046	104219046799
1641025	0	120668831975
1160467	100553031629	85462220798
1513877	0	111346868990
813952	70500055845	60100225403
32921	2865702003	2399277913
322774	28047989298	23847693533
878638	76191000200	64742483310
1723463	0	126898004220
1702127	0	125288174806
155725	13610685425	11701850271
925081	80144115395	68241407917
942876	81675718306	69597280484
488839	42274505359	36085989046
1258214	108890211241	92635635846
1694191	0	124691474697
825574	71539076401	60917347873
1728819	0	127291535665
1517927	0	111646638892
651536	56442708754	48242813098
675953	58542740260	50162507700
1517086	0	111579625788
258458	22449717844	19012374132
174038	15209794422	12958282958
824162	71407720580	60814230178
101666	9003061052	7660391387
210698	18341427896	15594113529
1100544	95219368093	81241398625
91782	8129119057	6904770511
1047742	90554357876	77458076647
1406112	121675451026	103668051112
364662	31685484319	27117260004
1653216	0	121596748376
169065	14759618724	12626515740
433330	37550449664	32152501415
201809	17589621163	14945614525
387219	33608302730	28854053265
787575	68173403779	58223849436
122606	10817121080	9289585354
741106	64101653883	54928430706
1605389	0	118003254646
1628182	0	119697310813
1476575	0	108712167979
1410885	122104431118	103990187255
1417956	122735692843	104496728680
1667920	0	122712507238
1732732	0	127576070225
871236	75538406753	64185659920
785294	67968141922	58054053745
679490	58839859040	50438982131
1347294	116483801445	99449025466
854973	74150856597	63011204799
1045566	90363288625	77301769554
1351133	116837273975	99729864579
1145005	99196620495	84366874080
866876	75172153344	63865760839
1199553	103881702449	88264230978
49094	4288315184	3630290525
1724825	0	126994774088
640041	55452121907	47352299595
20485	1784300224	1478657028
247174	21465641101	18203457906
814886	70579555361	60160810530
1021653	88330146609	75573883186
1248772	108108521736	91925590245
746737	64575522923	55330898419
1303925	112751407128	96163670747
991232	85774373609	73292335365
465930	40332327843	34423397363
237620	20622211373	17507157651
1151165	99737192217	84810483646
1143678	99081644112	84273401520
293530	25496635573	21599985704
391437	33973575725	29166858019
170265	14869803686	12709179846
732111	63326887616	54277699571
1174625	101775651832	86484293240
18011	1580425899	1293495629
346555	30115281951	25731085322
125011	11018021320	9472357840
1419038	122832116469	104571836334
589971	51115034251	43432568583
208967	18204608958	15460218130
1431245	123938836330	105442491929
1238294	107235160298	91123068212
1051471	90883972178	77737226853
136944	12025453217	10366052619
1674773	0	123230034412
163919	14303721314	12263084381
1610598	0	118396708635
151028	13215681403	11375105917
687918	59542948097	51099678509
1506871	0	110866245844
1363594	117916895738	100626133890
686747	59443138623	51003043143
578160	50113580119	42552565394
781369	67624471460	57781646536
1412209	122220762996	104080111661
888732	77060847811	65494634113
964047	83481027418	71219364620
153602	13425082037	11555381161
1211033	104851822128	89083087444
229671	19946136095	16937428023
1348317	116574584400	99528071663
1639858	0	120575135315
1483083	0	109168306778
380903	33058182978	28380531802
1452569	125842125403	107005066880
157987	13804994687	11863866797
1621856	0	119228650018
855305	74176641362	63032200357
1365463	118083659387	100761465819
178348	15590584885	13265824423
524556	45430223624	38630220029
1220208	105633105696	89767325172
793004	68653261863	58609829318
145191	12726679345	10954171627
1073681	92828982635	79327395782
1013318	87629250616	74963869361
1625505	0	119497410059
303861	26394864558	22377994409
1381386	119472883198	101903193125
611997	53028908570	45133020107
749056	64774751053	55504908257
449344	38917318485	33265685385
870185	75449717063	64100704157
1558764	0	114567619765
774382	67001562003	57284007188
982554	85028924619	72641648069
1668332	0	122739266839
1150688	99693498511	84770475921
204687	17832081874	15151990164
1144561	99163969567	84336722852
1375428	118957442066	101479442691
1200941	104000438200	88367199073
1179081	102160641152	86793448792
214384	18653459727	15844118923
597752	51790460372	44024823022
1352950	116996651618	99856249316
725629	62761201873	53824700087
1569417	0	115359522840
885014	76745639920	65217139748
737043	63754917803	54635409521
866484	75142194610	63833970904
290071	25198466408	21347866391
116103	10265759683	8790779597
1134089	98242531882	83599637242
271210	23543387676	19954513870
497194	43001401035	36680364317
586544	50820188288	43173591789
135723	11921003427	10276092932
22796	1984551721	1647422734
430055	37274758009	31914401540
1593409	0	117119337218
714957	61848249793	53060408990
142128	12457557951	10736964142
1372559	118702116332	101271793429
797291	69021634855	58914037774
1395603	120731322421	102914023510
864700	74981139796	63705656630
360737	31358449407	26815193340
529054	45826498517	38966410581
106334	9416309520	8030283447
1097288	94936516129	81014100216
969166	83903789738	71612769644
918592	79588471617	67744232231
1490482	0	109703761481
192782	16828336130	14286834267
537599	46576128565	39583683503
455100	39406655534	33677035196
1074806	92928811298	79406875298
43016	3751496759	3171045079
179573	15699621712	13350894673
966207	83663146961	71392673307
1240462	107420060027	91296283615
547292	47418717199	40280481312
1125135	97444806293	82973825633
538769	46680117557	39667681556
1325206	114589162002	97800020578
561460	48664232812	41320534081
208681	18171189639	15442802586
545635	47269144605	40157850172
133277	11713207143	10099787564
1496473	0	110121188503
176576	15434812100	13140578651
472172	40856666858	34875879001
1656445	0	121841043085
202368	17640874073	14978281165
823817	71384357242	60791969743
785860	68023922461	58103814565
114872	10162664094	8695267981
1650199	0	121371008644
189879	16581804019	14089022645
831428	72066272917	61317839922
1553073	0	114160501188
4179	372656978	305951371
1352657	116967511532	99839958347
1712706	0	126088995645
1239110	107309091555	91190207279
1069525	92455562020	79024159957
509968	44151365252	37594119839
650427	56344278523	48159108704
1146194	99297097478	84452607612
362406	31496953237	26948715111
225446	19587455253	16626939141
592400	51322315663	43619796837
468114	40518050121	34582201931
1021920	88355336030	75597564788
897441	77797083410	66131268361
1475972	0	108673717361
1295511	112034180683	95510067902
938327	81283400752	69262734815
923858	80043646079	68148098579
961992	83302957204	71070435032
883132	76582451815	65070648215
1243716	107696701108	91548622920
1570701	0	115450140727
468956	40588206478	34648704818
1110164	96086893240	81926869434
772656	66853257130	57169035599
605662	52470620555	44649261962
1200443	103963651623	88322416281
1137194	98510747627	83814372801
1501975	0	110511112184
1076182	93045560948	79508132723
1233993	106848996618	90801031381
387388	33620004135	28871681339
1360992	117701293358	100445953567
777762	67306021691	57529108129
995908	86164692208	73628084288
406621	35287516265	30285793532
449217	38908520575	33255743149
758602	65612861230	56183562038
371976	32306435353	27691155965
81446	7204733258	6124247024
1186904	102817316889	87355929629
170573	14898032231	12727967157
952609	82504539985	70351617309
326418	28361213970	24138890831
285103	24771928882	20984022181
565870	49052208815	41642807535
1526227	0	112234861510
236588	20533847243	17435481055
1307586	113072752719	96443992184
884527	76694931231	65169814964
1032370	89232421722	76343532669
1481700	0	109068387683
897279	77779037352	66118385758
1505560	0	110771673877
1573083	0	115619581397
21294	1857161139	1535343394
237089	20574028251	17464640567
1651804	0	121487541923
1562962	0	114883719663
917700	79512627232	67671244734
1059435	91579126049	78310310272
517686	44831357834	38143987533
1515141	0	111438027855
1383262	119641263541	102044539889
1247064	107972691493	91790618669
1108872	95970141141	81836234240
153939	13453140378	11578325861
1358991	117522724998	100310935937
1292878	111806233989	95305663737
1274068	110231299208	93861002937
1068194	92342493889	78922581001
514333	44532376818	37914892178
422951	36682233743	31422018082
962933	83386967691	71137418615
835652	72440921534	61619257397
570465	49455064397	41978694956
1423475	123229308582	104893055423
1673784	0	123159581191
1456239	126173655230	107256778132
1127999	97715784572	83164654154
410451	35628829521	30551130103
274623	23853773096	20197571606
967785	83790818473	71507549647
1400104	121143374178	103228782267
734115	63511707297	54422360782
469002	40593583148	34650771559
518415	44886275072	38204684304
994260	86017379483	73510345119
1306965	113013470026	96388419408
582197	50450027702	42848101496
1362835	117853893296	100577843041
1657720	0	121940597550
