tAB	nAB	tAC	nAC	tBC	nBC	ChA	ChB
-10000.00	5163.00	-10000.00	0.00	-10000.00	0.00	312826.00	0.00
-9800.00	10229.00	-9800.00	0.00	-9800.00	0.00	413335.00	699014.00
-9600.00	10171.00	-9600.00	0.00	-9600.00	0.00	931966.00	919107.00
-9400.00	10231.00	-9400.00	0.00	-9400.00	0.00	1134930.00	1064616.00
-9200.00	9783.00	-9200.00	0.00	-9200.00	0.00	1295770.00	1152240.00
-9000.00	10135.00	-9000.00	0.00	-9000.00	0.00	1307417.00	1307477.00
-8800.00	10017.00	-8800.00	0.00	-8800.00	0.00	1422570.00	1330593.00
-8600.00	10175.00	-8600.00	0.00	-8600.00	0.00	1498020.00	1366676.00
-8400.00	10100.00	-8400.00	0.00	-8400.00	0.00	1586297.00	1401970.00
-8200.00	10376.00	-8200.00	0.00	-8200.00	0.00	1687354.00	1450679.00
-8000.00	10149.00	-8000.00	0.00	-8000.00	0.00	1688012.00	1888469.00
-7800.00	10234.00	-7800.00	0.00	-7800.00	0.00	1933201.00	1898152.00
-7600.00	10424.00	-7600.00	0.00	-7600.00	0.00	2009686.00	1913924.00
-7400.00	10491.00	-7400.00	0.00	-7400.00	0.00	2036396.00	2015248.00
-7200.00	10674.00	-7200.00	0.00	-7200.00	0.00	2040091.00	2120725.00
-7000.00	10764.00	-7000.00	0.00	-7000.00	0.00	2044325.00	2174653.00
-6800.00	10874.00	-6800.00	0.00	-6800.00	0.00	2050323.00	2316279.00
-6600.00	10830.00	-6600.00	0.00	-6600.00	0.00	2086437.00	2422985.00
-6400.00	11320.00	-6400.00	0.00	-6400.00	0.00	2091338.00	2437873.00
-6200.00	11182.00	-6200.00	0.00	-6200.00	0.00	2139776.00	2483776.00
-6000.00	11330.00	-6000.00	0.00	-6000.00	0.00	2262740.00	2742824.00
-5800.00	11394.00	-5800.00	0.00	-5800.00	0.00	2313154.00	2793391.00
-5600.00	11652.00	-5600.00	0.00	-5600.00	0.00	2320626.00	2988156.00
-5400.00	11766.00	-5400.00	0.00	-5400.00	0.00	2384693.00	3029634.00
-5200.00	12125.00	-5200.00	0.00	-5200.00	0.00	2923415.00	3108218.00
-5000.00	12262.00	-5000.00	0.00	-5000.00	0.00	3004842.00	3148671.00
-4800.00	12060.00	-4800.00	0.00	-4800.00	0.00	3246299.00	3303713.00
-4600.00	12378.00	-4600.00	0.00	-4600.00	0.00	3278996.00	3341729.00
-4400.00	12474.00	-4400.00	0.00	-4400.00	0.00	3334142.00	3342494.00
-4200.00	12636.00	-4200.00	0.00	-4200.00	0.00	3337810.00	3495841.00
-4000.00	13005.00	-4000.00	0.00	-4000.00	0.00	3348794.00	3732118.00
-3800.00	12966.00	-3800.00	0.00	-3800.00	0.00	3499742.00	3804220.00
-3600.00	13183.00	-3600.00	0.00	-3600.00	0.00	3502549.00	3918389.00
-3400.00	13416.00	-3400.00	0.00	-3400.00	0.00	3512566.00	4049117.00
-3200.00	13762.00	-3200.00	0.00	-3200.00	0.00	3575703.00	4103177.00
-3000.00	13764.00	-3000.00	0.00	-3000.00	0.00	3604431.00	4165775.00
-2800.00	14210.00	-2800.00	0.00	-2800.00	0.00	3720284.00	4217248.00
-2600.00	14351.00	-2600.00	0.00	-2600.00	0.00	3821976.00	4316920.00
-2400.00	14856.00	-2400.00	0.00	-2400.00	0.00	4020388.00	4446110.00
-2200.00	14816.00	-2200.00	0.00	-2200.00	0.00	4160308.00	4487272.00
-2000.00	15270.00	-2000.00	0.00	-2000.00	0.00	4165730.00	4502620.00
-1800.00	15824.00	-1800.00	0.00	-1800.00	0.00	4170233.00	4552518.00
-1600.00	16438.00	-1600.00	0.00	-1600.00	0.00	4183401.00	4565186.00
-1400.00	17073.00	-1400.00	0.00	-1400.00	0.00	4301665.00	4614732.00
-1200.00	17860.00	-1200.00	0.00	-1200.00	0.00	4408082.00	4617429.00
-1000.00	19009.00	-1000.00	0.00	-1000.00	0.00	4574863.00	4629633.00
-800.00	20320.00	-800.00	0.00	-800.00	0.00	4604234.00	4733993.00
-600.00	21553.00	-600.00	0.00	-600.00	0.00	4723272.00	4830494.00
-400.00	22929.00	-400.00	0.00	-400.00	0.00	4792046.00	4837235.00
-200.00	23593.00	-200.00	0.00	-200.00	0.00	4841925.00	4839270.00
0.00	24344.00	0.00	0.00	0.00	1.00	4957095.00	4841923.00
200.00	24176.00	200.00	0.00	200.00	0.00	4962259.00	4845409.00
400.00	23479.00	400.00	0.00	400.00	0.00	4970537.00	4847736.00
600.00	22391.00	600.00	0.00	600.00	0.00	4992031.00	4856918.00
800.00	21261.00	800.00	0.00	800.00	0.00	5037835.00	4879532.00
1000.00	19967.00	1000.00	0.00	1000.00	0.00	5208698.00	4942662.00
1200.00	19102.00	1200.00	0.00	1200.00	0.00	5339626.00	5107205.00
1400.00	17929.00	1400.00	0.00	1400.00	0.00	5405409.00	5246603.00
1600.00	17499.00	1600.00	0.00	1600.00	0.00	5411670.00	5256502.00
1800.00	17022.00	1800.00	0.00	1800.00	0.00	5471006.00	5280558.00
2000.00	16604.00	2000.00	0.00	2000.00	0.00	5485235.00	5393978.00
2200.00	16299.00	2200.00	0.00	2200.00	0.00	5489185.00	5409934.00
2400.00	16120.00	2400.00	0.00	2400.00	0.00	5575352.00	5471000.00
2600.00	15786.00	2600.00	0.00	2600.00	0.00	5576788.00	5475221.00
2800.00	15509.00	2800.00	0.00	2800.00	0.00	5590964.00	5482289.00
3000.00	15191.00	3000.00	0.00	3000.00	0.00	5708084.00	5691055.00
3200.00	15255.00	3200.00	0.00	3200.00	0.00	5737879.00	5699674.00
3400.00	14966.00	3400.00	0.00	3400.00	0.00	5829682.00	5851680.00
3600.00	14809.00	3600.00	0.00	3600.00	0.00	6160996.00	5994541.00
3800.00	14756.00	3800.00	0.00	3800.00	0.00	6276895.00	6184958.00
4000.00	14515.00	4000.00	0.00	4000.00	0.00	6351143.00	6372724.00
4200.00	14426.00	4200.00	0.00	4200.00	0.00	6428469.00	6373018.00
4400.00	14101.00	4400.00	0.00	4400.00	0.00	6449697.00	6424258.00
4600.00	14163.00	4600.00	0.00	4600.00	0.00	6455045.00	6454509.00
4800.00	14087.00	4800.00	0.00	4800.00	0.00	6484837.00	6478068.00
5000.00	13784.00	5000.00	0.00	5000.00	0.00	6579445.00	6493199.00
5200.00	13766.00	5200.00	0.00	5200.00	0.00	6601145.00	6530980.00
5400.00	13669.00	5400.00	0.00	5400.00	0.00	6679144.00	6652063.00
5600.00	13600.00	5600.00	0.00	5600.00	0.00	6949607.00	6659641.00
5800.00	13497.00	5800.00	0.00	5800.00	0.00	7176694.00	6729386.00
6000.00	13400.00	6000.00	0.00	6000.00	0.00	7320086.00	6783382.00
6200.00	13075.00	6200.00	0.00	6200.00	0.00	7549147.00	6934438.00
6400.00	12907.00	6400.00	0.00	6400.00	0.00	7552676.00	7298319.00
6600.00	12906.00	6600.00	0.00	6600.00	0.00	7605286.00	7303192.00
6800.00	12916.00	6800.00	0.00	6800.00	0.00	7611503.00	7365870.00
7000.00	12571.00	7000.00	0.00	7000.00	0.00	7690401.00	7397726.00
7200.00	12667.00	7200.00	0.00	7200.00	0.00	7749457.00	7407436.00
7400.00	12427.00	7400.00	0.00	7400.00	0.00	7955848.00	7414621.00
7600.00	12710.00	7600.00	0.00	7600.00	0.00	8071140.00	7496922.00
7800.00	12492.00	7800.00	0.00	7800.00	0.00	8113392.00	7540926.00
8000.00	12542.00	8000.00	0.00	8000.00	0.00	8233814.00	7558925.00
8200.00	12458.00	8200.00	0.00	8200.00	0.00	8594031.00	7694542.00
8400.00	12349.00	8400.00	0.00	8400.00	0.00	8613074.00	7827893.00
8600.00	12505.00	8600.00	0.00	8600.00	0.00	8624399.00	7971373.00
8800.00	12327.00	8800.00	0.00	8800.00	0.00	8641585.00	8020978.00
9000.00	12473.00	9000.00	0.00	9000.00	0.00	8730902.00	8025602.00
9200.00	12385.00	9200.00	0.00	9200.00	0.00	8769029.00	8066386.00
9400.00	12501.00	9400.00	0.00	9400.00	0.00	8863964.00	8135186.00
9600.00	12676.00	9600.00	0.00	9600.00	0.00	9036776.00	8167790.00
9800.00	12931.00	9800.00	0.00	9800.00	0.00	9051489.00	8172841.00
10000.00	6652.00	10000.00	0.00	10000.00	0.00	9052126.00	8173455.00
0.00	0.00	0.00	0.00	0.00	0.00	9152290.00	8317074.00
0.00	0.00	0.00	0.00	0.00	0.00	9154729.00	8343048.00
0.00	0.00	0.00	0.00	0.00	0.00	9308103.00	8374324.00
0.00	0.00	0.00	0.00	0.00	0.00	9341580.00	8380218.00
0.00	0.00	0.00	0.00	0.00	0.00	9485382.00	8420575.00
0.00	0.00	0.00	0.00	0.00	0.00	9506729.00	8615514.00
0.00	0.00	0.00	0.00	0.00	0.00	9547838.00	8642310.00
0.00	0.00	0.00	0.00	0.00	0.00	9571365.00	8673120.00
0.00	0.00	0.00	0.00	0.00	0.00	9585343.00	8943933.00
0.00	0.00	0.00	0.00	0.00	0.00	9621594.00	8987400.00
0.00	0.00	0.00	0.00	0.00	0.00	9623592.00	9130996.00
0.00	0.00	0.00	0.00	0.00	0.00	9836356.00	9338927.00
0.00	0.00	0.00	0.00	0.00	0.00	9899268.00	9531096.00
0.00	0.00	0.00	0.00	0.00	0.00	10092831.00	9532597.00
0.00	0.00	0.00	0.00	0.00	0.00	10290684.00	9618617.00
0.00	0.00	0.00	0.00	0.00	0.00	10317689.00	9662259.00
0.00	0.00	0.00	0.00	0.00	0.00	10395237.00	9695312.00
0.00	0.00	0.00	0.00	0.00	0.00	10474314.00	9832746.00
0.00	0.00	0.00	0.00	0.00	0.00	10489513.00	10061953.00
0.00	0.00	0.00	0.00	0.00	0.00	10493115.00	10104272.00
0.00	0.00	0.00	0.00	0.00	0.00	10534502.00	10152064.00
0.00	0.00	0.00	0.00	0.00	0.00	10538769.00	10328758.00
0.00	0.00	0.00	0.00	0.00	0.00	10540661.00	10357616.00
0.00	0.00	0.00	0.00	0.00	0.00	10797871.00	10518637.00
0.00	0.00	0.00	0.00	0.00	0.00	10848877.00	10541143.00
0.00	0.00	0.00	0.00	0.00	0.00	10852595.00	10758222.00
0.00	0.00	0.00	0.00	0.00	0.00	10893499.00	10763412.00
0.00	0.00	0.00	0.00	0.00	0.00	10979510.00	10868799.00
0.00	0.00	0.00	0.00	0.00	0.00	11075538.00	10891364.00
0.00	0.00	0.00	0.00	0.00	0.00	11079283.00	11179849.00
0.00	0.00	0.00	0.00	0.00	0.00	11150747.00	11194687.00
0.00	0.00	0.00	0.00	0.00	0.00	11183526.00	11217459.00
0.00	0.00	0.00	0.00	0.00	0.00	11225577.00	11262417.00
0.00	0.00	0.00	0.00	0.00	0.00	11264520.00	11431568.00
0.00	0.00	0.00	0.00	0.00	0.00	11290301.00	11431981.00
0.00	0.00	0.00	0.00	0.00	0.00	11388571.00	11433682.00
0.00	0.00	0.00	0.00	0.00	0.00	11410156.00	11434332.00
0.00	0.00	0.00	0.00	0.00	0.00	11425430.00	11435045.00
0.00	0.00	0.00	0.00	0.00	0.00	11427758.00	11435358.00
0.00	0.00	0.00	0.00	0.00	0.00	11428054.00	11444567.00
0.00	0.00	0.00	0.00	0.00	0.00	11432244.00	11605449.00
0.00	0.00	0.00	0.00	0.00	0.00	11434421.00	11611580.00
0.00	0.00	0.00	0.00	0.00	0.00	11436119.00	11652341.00
0.00	0.00	0.00	0.00	0.00	0.00	11436484.00	11722932.00
0.00	0.00	0.00	0.00	0.00	0.00	11470424.00	11726000.00
0.00	0.00	0.00	0.00	0.00	0.00	11476623.00	11792068.00
0.00	0.00	0.00	0.00	0.00	0.00	11602929.00	11970005.00
0.00	0.00	0.00	0.00	0.00	0.00	11718207.00	12005939.00
0.00	0.00	0.00	0.00	0.00	0.00	11735219.00	12007381.00
0.00	0.00	0.00	0.00	0.00	0.00	11907403.00	12180409.00
0.00	0.00	0.00	0.00	0.00	0.00	12379466.00	12274080.00
0.00	0.00	0.00	0.00	0.00	0.00	12427108.00	12278080.00
0.00	0.00	0.00	0.00	0.00	0.00	12482834.00	12328097.00
0.00	0.00	0.00	0.00	0.00	0.00	12530399.00	12573232.00
0.00	0.00	0.00	0.00	0.00	0.00	12682947.00	12587570.00
0.00	0.00	0.00	0.00	0.00	0.00	12686966.00	12942452.00
0.00	0.00	0.00	0.00	0.00	0.00	12950485.00	12996629.00
0.00	0.00	0.00	0.00	0.00	0.00	13192687.00	13115733.00
0.00	0.00	0.00	0.00	0.00	0.00	13502666.00	13464616.00
0.00	0.00	0.00	0.00	0.00	0.00	13582418.00	13616992.00
0.00	0.00	0.00	0.00	0.00	0.00	13805765.00	13690430.00
0.00	0.00	0.00	0.00	0.00	0.00	13981894.00	13717272.00
0.00	0.00	0.00	0.00	0.00	0.00	14086129.00	13960746.00
0.00	0.00	0.00	0.00	0.00	0.00	14142465.00	14057230.00
0.00	0.00	0.00	0.00	0.00	0.00	14145347.00	14166027.00
0.00	0.00	0.00	0.00	0.00	0.00	14163893.00	14177406.00
0.00	0.00	0.00	0.00	0.00	0.00	14166371.00	14194319.00
0.00	0.00	0.00	0.00	0.00	0.00	14182452.00	14267599.00
0.00	0.00	0.00	0.00	0.00	0.00	14221659.00	14845440.00
0.00	0.00	0.00	0.00	0.00	0.00	14246874.00	14847805.00
0.00	0.00	0.00	0.00	0.00	0.00	14302752.00	14920276.00
0.00	0.00	0.00	0.00	0.00	0.00	14431860.00	15077078.00
0.00	0.00	0.00	0.00	0.00	0.00	14583558.00	15086229.00
0.00	0.00	0.00	0.00	0.00	0.00	14767926.00	15122950.00
0.00	0.00	0.00	0.00	0.00	0.00	14773275.00	15159131.00
0.00	0.00	0.00	0.00	0.00	0.00	14818611.00	15211118.00
0.00	0.00	0.00	0.00	0.00	0.00	14831184.00	15348726.00
0.00	0.00	0.00	0.00	0.00	0.00	14905377.00	15455457.00
0.00	0.00	0.00	0.00	0.00	0.00	15049086.00	15928342.00
0.00	0.00	0.00	0.00	0.00	0.00	15072630.00	16240152.00
0.00	0.00	0.00	0.00	0.00	0.00	15114708.00	16295464.00
0.00	0.00	0.00	0.00	0.00	0.00	15134783.00	16396485.00
0.00	0.00	0.00	0.00	0.00	0.00	15157365.00	16522964.00
0.00	0.00	0.00	0.00	0.00	0.00	15311453.00	16545418.00
0.00	0.00	0.00	0.00	0.00	0.00	15356894.00	16571264.00
0.00	0.00	0.00	0.00	0.00	0.00	15545792.00	16608358.00
0.00	0.00	0.00	0.00	0.00	0.00	15672226.00	16611006.00
0.00	0.00	0.00	0.00	0.00	0.00	15852456.00	16673716.00
0.00	0.00	0.00	0.00	0.00	0.00	15913323.00	16778522.00
0.00	0.00	0.00	0.00	0.00	0.00	15928657.00	16850150.00
0.00	0.00	0.00	0.00	0.00	0.00	16020448.00	16904875.00
0.00	0.00	0.00	0.00	0.00	0.00	16218857.00	16922253.00
0.00	0.00	0.00	0.00	0.00	0.00	16230316.00	16932936.00
0.00	0.00	0.00	0.00	0.00	0.00	16375697.00	17061311.00
0.00	0.00	0.00	0.00	0.00	0.00	16492787.00	17214994.00
0.00	0.00	0.00	0.00	0.00	0.00	16676434.00	17254566.00
0.00	0.00	0.00	0.00	0.00	0.00	16678069.00	17399992.00
0.00	0.00	0.00	0.00	0.00	0.00	16711649.00	17491019.00
0.00	0.00	0.00	0.00	0.00	0.00	16777023.00	17635515.00
0.00	0.00	0.00	0.00	0.00	0.00	16816030.00	17721825.00
0.00	0.00	0.00	0.00	0.00	0.00	16851368.00	17760307.00
0.00	0.00	0.00	0.00	0.00	0.00	17077344.00	17811726.00
0.00	0.00	0.00	0.00	0.00	0.00	17238326.00	17827906.00
0.00	0.00	0.00	0.00	0.00	0.00	17266961.00	17849315.00
0.00	0.00	0.00	0.00	0.00	0.00	17575624.00	17849969.00
0.00	0.00	0.00	0.00	0.00	0.00	17579138.00	17854756.00
0.00	0.00	0.00	0.00	0.00	0.00	17644829.00	18071632.00
0.00	0.00	0.00	0.00	0.00	0.00	17697460.00	18113920.00
0.00	0.00	0.00	0.00	0.00	0.00	17708886.00	18115094.00
0.00	0.00	0.00	0.00	0.00	0.00	17769724.00	18138780.00
0.00	0.00	0.00	0.00	0.00	0.00	17837199.00	18183140.00
0.00	0.00	0.00	0.00	0.00	0.00	17840165.00	18209725.00
0.00	0.00	0.00	0.00	0.00	0.00	17864663.00	18220225.00
0.00	0.00	0.00	0.00	0.00	0.00	17894590.00	18223362.00
0.00	0.00	0.00	0.00	0.00	0.00	17957299.00	18252514.00
0.00	0.00	0.00	0.00	0.00	0.00	18223800.00	18292988.00
0.00	0.00	0.00	0.00	0.00	0.00	18280410.00	18324081.00
0.00	0.00	0.00	0.00	0.00	0.00	18343583.00	18621861.00
0.00	0.00	0.00	0.00	0.00	0.00	18695332.00	18638551.00
0.00	0.00	0.00	0.00	0.00	0.00	18935818.00	18703746.00
0.00	0.00	0.00	0.00	0.00	0.00	18955959.00	18921545.00
0.00	0.00	0.00	0.00	0.00	0.00	18960513.00	18941878.00
0.00	0.00	0.00	0.00	0.00	0.00	18978668.00	18981514.00
0.00	0.00	0.00	0.00	0.00	0.00	18981087.00	19047298.00
0.00	0.00	0.00	0.00	0.00	0.00	18987893.00	19091052.00
0.00	0.00	0.00	0.00	0.00	0.00	18989671.00	19098526.00
0.00	0.00	0.00	0.00	0.00	0.00	18992547.00	19126424.00
0.00	0.00	0.00	0.00	0.00	0.00	18996631.00	19194678.00
0.00	0.00	0.00	0.00	0.00	0.00	19077440.00	19195176.00
0.00	0.00	0.00	0.00	0.00	0.00	19087860.00	19222414.00
0.00	0.00	0.00	0.00	0.00	0.00	19307091.00	19223940.00
0.00	0.00	0.00	0.00	0.00	0.00	19317628.00	19339331.00
0.00	0.00	0.00	0.00	0.00	0.00	19330473.00	19347845.00
0.00	0.00	0.00	0.00	0.00	0.00	19332160.00	19348280.00
0.00	0.00	0.00	0.00	0.00	0.00	19350200.00	19350454.00
0.00	0.00	0.00	0.00	0.00	0.00	19372204.00	19393403.00
0.00	0.00	0.00	0.00	0.00	0.00	19413354.00	19398577.00
0.00	0.00	0.00	0.00	0.00	0.00	19417528.00	19447398.00
0.00	0.00	0.00	0.00	0.00	0.00	19727482.00	19626603.00
0.00	0.00	0.00	0.00	0.00	0.00	19943536.00	19647013.00
0.00	0.00	0.00	0.00	0.00	0.00	19957661.00	19792905.00
0.00	0.00	0.00	0.00	0.00	0.00	19962687.00	19941732.00
0.00	0.00	0.00	0.00	0.00	0.00	19967089.00	20008608.00
0.00	0.00	0.00	0.00	0.00	0.00	20020370.00	20013729.00
0.00	0.00	0.00	0.00	0.00	0.00	20475604.00	20165962.00
0.00	0.00	0.00	0.00	0.00	0.00	20476358.00	20375910.00
0.00	0.00	0.00	0.00	0.00	0.00	20682156.00	20392306.00
0.00	0.00	0.00	0.00	0.00	0.00	20709211.00	20410079.00
0.00	0.00	0.00	0.00	0.00	0.00	20727434.00	20575401.00
0.00	0.00	0.00	0.00	0.00	0.00	20782018.00	20706996.00
0.00	0.00	0.00	0.00	0.00	0.00	20953788.00	20731895.00
0.00	0.00	0.00	0.00	0.00	0.00	20980565.00	20765381.00
0.00	0.00	0.00	0.00	0.00	0.00	21004857.00	20783603.00
0.00	0.00	0.00	0.00	0.00	0.00	21015952.00	20805218.00
0.00	0.00	0.00	0.00	0.00	0.00	21020543.00	20879798.00
0.00	0.00	0.00	0.00	0.00	0.00	21139138.00	20904610.00
0.00	0.00	0.00	0.00	0.00	0.00	21270158.00	20917210.00
0.00	0.00	0.00	0.00	0.00	0.00	21374159.00	20972136.00
0.00	0.00	0.00	0.00	0.00	0.00	21496883.00	21040455.00
0.00	0.00	0.00	0.00	0.00	0.00	21640650.00	21114761.00
0.00	0.00	0.00	0.00	0.00	0.00	21683942.00	21417198.00
0.00	0.00	0.00	0.00	0.00	0.00	21769557.00	21483852.00
0.00	0.00	0.00	0.00	0.00	0.00	21853095.00	21654362.00
0.00	0.00	0.00	0.00	0.00	0.00	21858344.00	21684425.00
0.00	0.00	0.00	0.00	0.00	0.00	21931920.00	21709000.00
0.00	0.00	0.00	0.00	0.00	0.00	21936629.00	21755310.00
0.00	0.00	0.00	0.00	0.00	0.00	22277179.00	21766020.00
0.00	0.00	0.00	0.00	0.00	0.00	22279107.00	21774227.00
0.00	0.00	0.00	0.00	0.00	0.00	22306006.00	21779410.00
0.00	0.00	0.00	0.00	0.00	0.00	22314420.00	21960870.00
0.00	0.00	0.00	0.00	0.00	0.00	22420949.00	21989745.00
0.00	0.00	0.00	0.00	0.00	0.00	22451311.00	22099285.00
0.00	0.00	0.00	0.00	0.00	0.00	22551325.00	22208654.00
0.00	0.00	0.00	0.00	0.00	0.00	22678542.00	22266108.00
0.00	0.00	0.00	0.00	0.00	0.00	22678837.00	22318357.00
0.00	0.00	0.00	0.00	0.00	0.00	22747036.00	22327450.00
0.00	0.00	0.00	0.00	0.00	0.00	22760631.00	22382196.00
0.00	0.00	0.00	0.00	0.00	0.00	22778519.00	22399562.00
0.00	0.00	0.00	0.00	0.00	0.00	22785616.00	22402760.00
0.00	0.00	0.00	0.00	0.00	0.00	22819776.00	22412677.00
0.00	0.00	0.00	0.00	0.00	0.00	22820400.00	22604038.00
0.00	0.00	0.00	0.00	0.00	0.00	23172687.00	22741196.00
0.00	0.00	0.00	0.00	0.00	0.00	23177262.00	22750620.00
0.00	0.00	0.00	0.00	0.00	0.00	23350273.00	22784527.00
0.00	0.00	0.00	0.00	0.00	0.00	23378758.00	22789853.00
0.00	0.00	0.00	0.00	0.00	0.00	23510490.00	22982796.00
0.00	0.00	0.00	0.00	0.00	0.00	23527582.00	23110616.00
0.00	0.00	0.00	0.00	0.00	0.00	23549951.00	23213148.00
0.00	0.00	0.00	0.00	0.00	0.00	23578569.00	23268469.00
0.00	0.00	0.00	0.00	0.00	0.00	23636667.00	23285932.00
0.00	0.00	0.00	0.00	0.00	0.00	23657654.00	23343641.00
0.00	0.00	0.00	0.00	0.00	0.00	23666433.00	23380265.00
0.00	0.00	0.00	0.00	0.00	0.00	23667376.00	23457905.00
0.00	0.00	0.00	0.00	0.00	0.00	23682740.00	23552681.00
0.00	0.00	0.00	0.00	0.00	0.00	23686808.00	23556229.00
0.00	0.00	0.00	0.00	0.00	0.00	23687356.00	23567741.00
0.00	0.00	0.00	0.00	0.00	0.00	23695185.00	23568465.00
0.00	0.00	0.00	0.00	0.00	0.00	23715287.00	23600040.00
0.00	0.00	0.00	0.00	0.00	0.00	23729750.00	23619453.00
0.00	0.00	0.00	0.00	0.00	0.00	23752357.00	23649999.00
0.00	0.00	0.00	0.00	0.00	0.00	23754288.00	23654678.00
0.00	0.00	0.00	0.00	0.00	0.00	23755999.00	23655505.00
0.00	0.00	0.00	0.00	0.00	0.00	23759556.00	23656779.00
0.00	0.00	0.00	0.00	0.00	0.00	23763025.00	23657154.00
0.00	0.00	0.00	0.00	0.00	0.00	23764311.00	23658174.00
0.00	0.00	0.00	0.00	0.00	0.00	24357282.00	23660013.00
0.00	0.00	0.00	0.00	0.00	0.00	24446907.00	23664779.00
0.00	0.00	0.00	0.00	0.00	0.00	24465828.00	23668344.00
0.00	0.00	0.00	0.00	0.00	0.00	24519114.00	23669061.00
0.00	0.00	0.00	0.00	0.00	0.00	24532351.00	23695770.00
0.00	0.00	0.00	0.00	0.00	0.00	24673517.00	23698643.00
0.00	0.00	0.00	0.00	0.00	0.00	24716060.00	23699944.00
0.00	0.00	0.00	0.00	0.00	0.00	24936482.00	23731663.00
0.00	0.00	0.00	0.00	0.00	0.00	24961168.00	23746965.00
0.00	0.00	0.00	0.00	0.00	0.00	25035418.00	23758581.00
0.00	0.00	0.00	0.00	0.00	0.00	25058604.00	23763797.00
0.00	0.00	0.00	0.00	0.00	0.00	25319511.00	23772974.00
0.00	0.00	0.00	0.00	0.00	0.00	25410570.00	23820263.00
0.00	0.00	0.00	0.00	0.00	0.00	25550191.00	23833684.00
0.00	0.00	0.00	0.00	0.00	0.00	25582241.00	23955941.00
0.00	0.00	0.00	0.00	0.00	0.00	25611464.00	23985585.00
0.00	0.00	0.00	0.00	0.00	0.00	25626941.00	24004653.00
0.00	0.00	0.00	0.00	0.00	0.00	25702657.00	24022014.00
0.00	0.00	0.00	0.00	0.00	0.00	25707103.00	24047417.00
0.00	0.00	0.00	0.00	0.00	0.00	25925836.00	24089187.00
0.00	0.00	0.00	0.00	0.00	0.00	25932632.00	24228934.00
0.00	0.00	0.00	0.00	0.00	0.00	25990410.00	24250079.00
0.00	0.00	0.00	0.00	0.00	0.00	26018654.00	24256894.00
0.00	0.00	0.00	0.00	0.00	0.00	26045456.00	24268518.00
0.00	0.00	0.00	0.00	0.00	0.00	26150825.00	24345182.00
0.00	0.00	0.00	0.00	0.00	0.00	26192465.00	24359096.00
0.00	0.00	0.00	0.00	0.00	0.00	26377685.00	24398640.00
0.00	0.00	0.00	0.00	0.00	0.00	26419910.00	24525878.00
0.00	0.00	0.00	0.00	0.00	0.00	26480991.00	24633552.00
0.00	0.00	0.00	0.00	0.00	0.00	26515760.00	24634281.00
0.00	0.00	0.00	0.00	0.00	0.00	26615702.00	24715243.00
0.00	0.00	0.00	0.00	0.00	0.00	26660572.00	24751989.00
0.00	0.00	0.00	0.00	0.00	0.00	26787682.00	24789386.00
0.00	0.00	0.00	0.00	0.00	0.00	26843969.00	24794617.00
0.00	0.00	0.00	0.00	0.00	0.00	26849874.00	24875449.00
0.00	0.00	0.00	0.00	0.00	0.00	26855001.00	24930118.00
0.00	0.00	0.00	0.00	0.00	0.00	26881728.00	24983370.00
0.00	0.00	0.00	0.00	0.00	0.00	26922334.00	25178536.00
0.00	0.00	0.00	0.00	0.00	0.00	26955559.00	25293822.00
0.00	0.00	0.00	0.00	0.00	0.00	27070837.00	25346760.00
0.00	0.00	0.00	0.00	0.00	0.00	27094315.00	25428482.00
0.00	0.00	0.00	0.00	0.00	0.00	27117451.00	25529497.00
0.00	0.00	0.00	0.00	0.00	0.00	27118921.00	25634718.00
0.00	0.00	0.00	0.00	0.00	0.00	27132937.00	25727807.00
0.00	0.00	0.00	0.00	0.00	0.00	27202812.00	25851520.00
0.00	0.00	0.00	0.00	0.00	0.00	27344900.00	25964480.00
0.00	0.00	0.00	0.00	0.00	0.00	27412366.00	26011570.00
0.00	0.00	0.00	0.00	0.00	0.00	27453170.00	26020706.00
0.00	0.00	0.00	0.00	0.00	0.00	27467233.00	26030895.00
0.00	0.00	0.00	0.00	0.00	0.00	27602077.00	26035040.00
0.00	0.00	0.00	0.00	0.00	0.00	27629924.00	26047940.00
0.00	0.00	0.00	0.00	0.00	0.00	27684049.00	26050278.00
0.00	0.00	0.00	0.00	0.00	0.00	27768197.00	26053653.00
0.00	0.00	0.00	0.00	0.00	0.00	27860780.00	26074014.00
0.00	0.00	0.00	0.00	0.00	0.00	27865553.00	26115010.00
0.00	0.00	0.00	0.00	0.00	0.00	27911135.00	26123455.00
0.00	0.00	0.00	0.00	0.00	0.00	27918291.00	26171226.00
0.00	0.00	0.00	0.00	0.00	0.00	27968732.00	26344079.00
0.00	0.00	0.00	0.00	0.00	0.00	28017221.00	26528823.00
0.00	0.00	0.00	0.00	0.00	0.00	28059331.00	26547041.00
0.00	0.00	0.00	0.00	0.00	0.00	28141679.00	26550282.00
0.00	0.00	0.00	0.00	0.00	0.00	28271031.00	26555270.00
0.00	0.00	0.00	0.00	0.00	0.00	28345964.00	26585494.00
0.00	0.00	0.00	0.00	0.00	0.00	28403822.00	26708966.00
0.00	0.00	0.00	0.00	0.00	0.00	28428625.00	26761984.00
0.00	0.00	0.00	0.00	0.00	0.00	28449781.00	26826613.00
0.00	0.00	0.00	0.00	0.00	0.00	28459521.00	26838398.00
0.00	0.00	0.00	0.00	0.00	0.00	28569845.00	26852450.00
0.00	0.00	0.00	0.00	0.00	0.00	28651191.00	26856138.00
0.00	0.00	0.00	0.00	0.00	0.00	28836523.00	26896806.00
0.00	0.00	0.00	0.00	0.00	0.00	28837659.00	27097454.00
0.00	0.00	0.00	0.00	0.00	0.00	28873049.00	27104727.00
0.00	0.00	0.00	0.00	0.00	0.00	28879460.00	27113551.00
0.00	0.00	0.00	0.00	0.00	0.00	28978918.00	27167556.00
0.00	0.00	0.00	0.00	0.00	0.00	28983541.00	27264889.00
0.00	0.00	0.00	0.00	0.00	0.00	29000230.00	27415935.00
0.00	0.00	0.00	0.00	0.00	0.00	29002740.00	27451857.00
0.00	0.00	0.00	0.00	0.00	0.00	29179425.00	27517698.00
0.00	0.00	0.00	0.00	0.00	0.00	29211222.00	27522958.00
0.00	0.00	0.00	0.00	0.00	0.00	29341847.00	27524315.00
0.00	0.00	0.00	0.00	0.00	0.00	29382767.00	27530215.00
0.00	0.00	0.00	0.00	0.00	0.00	29459903.00	27583195.00
0.00	0.00	0.00	0.00	0.00	0.00	29464004.00	27609146.00
0.00	0.00	0.00	0.00	0.00	0.00	29476583.00	27801349.00
0.00	0.00	0.00	0.00	0.00	0.00	29493591.00	27860385.00
0.00	0.00	0.00	0.00	0.00	0.00	29497804.00	27880134.00
0.00	0.00	0.00	0.00	0.00	0.00	29524856.00	27945820.00
0.00	0.00	0.00	0.00	0.00	0.00	29560387.00	27962505.00
0.00	0.00	0.00	0.00	0.00	0.00	29800510.00	28071341.00
0.00	0.00	0.00	0.00	0.00	0.00	29832178.00	28325738.00
0.00	0.00	0.00	0.00	0.00	0.00	29932555.00	28497619.00
0.00	0.00	0.00	0.00	0.00	0.00	30129898.00	28503237.00
0.00	0.00	0.00	0.00	0.00	0.00	30436800.00	28772210.00
0.00	0.00	0.00	0.00	0.00	0.00	30528917.00	28831309.00
0.00	0.00	0.00	0.00	0.00	0.00	30530447.00	28867991.00
0.00	0.00	0.00	0.00	0.00	0.00	30562172.00	28915596.00
0.00	0.00	0.00	0.00	0.00	0.00	30595702.00	28920650.00
0.00	0.00	0.00	0.00	0.00	0.00	30657363.00	28978826.00
0.00	0.00	0.00	0.00	0.00	0.00	30720088.00	29012265.00
0.00	0.00	0.00	0.00	0.00	0.00	30764613.00	29092933.00
0.00	0.00	0.00	0.00	0.00	0.00	30807167.00	29211147.00
0.00	0.00	0.00	0.00	0.00	0.00	30853777.00	29212156.00
0.00	0.00	0.00	0.00	0.00	0.00	30862511.00	29282109.00
0.00	0.00	0.00	0.00	0.00	0.00	30938790.00	29295232.00
0.00	0.00	0.00	0.00	0.00	0.00	31068054.00	29296790.00
0.00	0.00	0.00	0.00	0.00	0.00	31095058.00	29339041.00
0.00	0.00	0.00	0.00	0.00	0.00	31102145.00	29458414.00
0.00	0.00	0.00	0.00	0.00	0.00	31112033.00	29469825.00
0.00	0.00	0.00	0.00	0.00	0.00	31138807.00	29477038.00
0.00	0.00	0.00	0.00	0.00	0.00	31158615.00	29478018.00
0.00	0.00	0.00	0.00	0.00	0.00	31248770.00	29493649.00
0.00	0.00	0.00	0.00	0.00	0.00	31322774.00	29507038.00
0.00	0.00	0.00	0.00	0.00	0.00	31345435.00	29663499.00
0.00	0.00	0.00	0.00	0.00	0.00	31403395.00	29688502.00
0.00	0.00	0.00	0.00	0.00	0.00	31418303.00	29710791.00
0.00	0.00	0.00	0.00	0.00	0.00	31422876.00	29721940.00
0.00	0.00	0.00	0.00	0.00	0.00	31453602.00	29862197.00
0.00	0.00	0.00	0.00	0.00	0.00	31466377.00	29962230.00
0.00	0.00	0.00	0.00	0.00	0.00	31469102.00	29991895.00
0.00	0.00	0.00	0.00	0.00	0.00	31491888.00	30010209.00
0.00	0.00	0.00	0.00	0.00	0.00	31577602.00	30071809.00
0.00	0.00	0.00	0.00	0.00	0.00	31580715.00	30076518.00
0.00	0.00	0.00	0.00	0.00	0.00	31582605.00	30109560.00
0.00	0.00	0.00	0.00	0.00	0.00	31583724.00	30275479.00
0.00	0.00	0.00	0.00	0.00	0.00	31589438.00	30369913.00
0.00	0.00	0.00	0.00	0.00	0.00	31589887.00	30475247.00
0.00	0.00	0.00	0.00	0.00	0.00	31592001.00	30477040.00
0.00	0.00	0.00	0.00	0.00	0.00	31602382.00	30502504.00
0.00	0.00	0.00	0.00	0.00	0.00	31604774.00	30504321.00
0.00	0.00	0.00	0.00	0.00	0.00	31611249.00	30505170.00
0.00	0.00	0.00	0.00	0.00	0.00	31616139.00	30547989.00
0.00	0.00	0.00	0.00	0.00	0.00	31617796.00	30561185.00
0.00	0.00	0.00	0.00	0.00	0.00	31619821.00	30576777.00
0.00	0.00	0.00	0.00	0.00	0.00	31630424.00	30591746.00
0.00	0.00	0.00	0.00	0.00	0.00	31675986.00	30763070.00
0.00	0.00	0.00	0.00	0.00	0.00	31858168.00	30777500.00
0.00	0.00	0.00	0.00	0.00	0.00	32007541.00	30889669.00
0.00	0.00	0.00	0.00	0.00	0.00	32155186.00	30894192.00
0.00	0.00	0.00	0.00	0.00	0.00	32277012.00	30896879.00
0.00	0.00	0.00	0.00	0.00	0.00	32326524.00	30943996.00
0.00	0.00	0.00	0.00	0.00	0.00	32365291.00	31067040.00
0.00	0.00	0.00	0.00	0.00	0.00	32385943.00	31067337.00
0.00	0.00	0.00	0.00	0.00	0.00	32398887.00	31112176.00
0.00	0.00	0.00	0.00	0.00	0.00	32586251.00	31117660.00
0.00	0.00	0.00	0.00	0.00	0.00	32684183.00	31127153.00
0.00	0.00	0.00	0.00	0.00	0.00	32698995.00	31159043.00
0.00	0.00	0.00	0.00	0.00	0.00	32706554.00	31293299.00
0.00	0.00	0.00	0.00	0.00	0.00	32745496.00	31294016.00
0.00	0.00	0.00	0.00	0.00	0.00	32783724.00	31390338.00
0.00	0.00	0.00	0.00	0.00	0.00	32815361.00	31443674.00
0.00	0.00	0.00	0.00	0.00	0.00	32820795.00	31491157.00
0.00	0.00	0.00	0.00	0.00	0.00	32892537.00	31558206.00
0.00	0.00	0.00	0.00	0.00	0.00	32893387.00	31559098.00
0.00	0.00	0.00	0.00	0.00	0.00	32931505.00	31560986.00
0.00	0.00	0.00	0.00	0.00	0.00	32973158.00	31572203.00
0.00	0.00	0.00	0.00	0.00	0.00	33018091.00	31573104.00
0.00	0.00	0.00	0.00	0.00	0.00	33028517.00	31577753.00
0.00	0.00	0.00	0.00	0.00	0.00	33058169.00	31578650.00
0.00	0.00	0.00	0.00	0.00	0.00	33072584.00	31581254.00
0.00	0.00	0.00	0.00	0.00	0.00	33102667.00	31582376.00
0.00	0.00	0.00	0.00	0.00	0.00	33123567.00	31586334.00
0.00	0.00	0.00	0.00	0.00	0.00	33279904.00	31587602.00
0.00	0.00	0.00	0.00	0.00	0.00	33380031.00	31588372.00
0.00	0.00	0.00	0.00	0.00	0.00	33389878.00	31595954.00
0.00	0.00	0.00	0.00	0.00	0.00	33405575.00	31607290.00
0.00	0.00	0.00	0.00	0.00	0.00	33407054.00	31611651.00
0.00	0.00	0.00	0.00	0.00	0.00	33547349.00	31615266.00
0.00	0.00	0.00	0.00	0.00	0.00	33573184.00	31618910.00
0.00	0.00	0.00	0.00	0.00	0.00	33576524.00	31623182.00
0.00	0.00	0.00	0.00	0.00	0.00	33733199.00	31640951.00
0.00	0.00	0.00	0.00	0.00	0.00	33829202.00	31641899.00
0.00	0.00	0.00	0.00	0.00	0.00	33881943.00	31642208.00
0.00	0.00	0.00	0.00	0.00	0.00	33895525.00	31644508.00
0.00	0.00	0.00	0.00	0.00	0.00	34066972.00	31653802.00
0.00	0.00	0.00	0.00	0.00	0.00	34079178.00	31676628.00
0.00	0.00	0.00	0.00	0.00	0.00	34232892.00	31680562.00
0.00	0.00	0.00	0.00	0.00	0.00	34274294.00	31724719.00
0.00	0.00	0.00	0.00	0.00	0.00	34279866.00	31739086.00
0.00	0.00	0.00	0.00	0.00	0.00	34307138.00	31764911.00
0.00	0.00	0.00	0.00	0.00	0.00	34324233.00	31772182.00
0.00	0.00	0.00	0.00	0.00	0.00	34326905.00	31772692.00
0.00	0.00	0.00	0.00	0.00	0.00	34372876.00	31787868.00
0.00	0.00	0.00	0.00	0.00	0.00	34379627.00	31849589.00
0.00	0.00	0.00	0.00	0.00	0.00	34399236.00	31851053.00
0.00	0.00	0.00	0.00	0.00	0.00	34427070.00	31888076.00
0.00	0.00	0.00	0.00	0.00	0.00	34459465.00	32000549.00
0.00	0.00	0.00	0.00	0.00	0.00	34461801.00	32049142.00
0.00	0.00	0.00	0.00	0.00	0.00	34469125.00	32116056.00
0.00	0.00	0.00	0.00	0.00	0.00	34469414.00	32290204.00
0.00	0.00	0.00	0.00	0.00	0.00	34470053.00	32341590.00
0.00	0.00	0.00	0.00	0.00	0.00	34478049.00	32345288.00
0.00	0.00	0.00	0.00	0.00	0.00	34520904.00	32425651.00
0.00	0.00	0.00	0.00	0.00	0.00	34534478.00	32434732.00
0.00	0.00	0.00	0.00	0.00	0.00	34538673.00	32473182.00
0.00	0.00	0.00	0.00	0.00	0.00	34540626.00	32692812.00
0.00	0.00	0.00	0.00	0.00	0.00	34571222.00	32732809.00
0.00	0.00	0.00	0.00	0.00	0.00	34645409.00	32735132.00
0.00	0.00	0.00	0.00	0.00	0.00	34710146.00	32738657.00
0.00	0.00	0.00	0.00	0.00	0.00	34725449.00	32759611.00
0.00	0.00	0.00	0.00	0.00	0.00	34861505.00	32761448.00
0.00	0.00	0.00	0.00	0.00	0.00	34901475.00	32795705.00
0.00	0.00	0.00	0.00	0.00	0.00	35059457.00	32801528.00
0.00	0.00	0.00	0.00	0.00	0.00	35064917.00	32847611.00
0.00	0.00	0.00	0.00	0.00	0.00	35092233.00	32887827.00
0.00	0.00	0.00	0.00	0.00	0.00	35167433.00	32891379.00
0.00	0.00	0.00	0.00	0.00	0.00	35203563.00	32896348.00
0.00	0.00	0.00	0.00	0.00	0.00	35223262.00	32989823.00
0.00	0.00	0.00	0.00	0.00	0.00	35279195.00	33112890.00
0.00	0.00	0.00	0.00	0.00	0.00	35309941.00	33115360.00
0.00	0.00	0.00	0.00	0.00	0.00	35324838.00	33239002.00
0.00	0.00	0.00	0.00	0.00	0.00	35344204.00	33354383.00
0.00	0.00	0.00	0.00	0.00	0.00	35361034.00	33381584.00
0.00	0.00	0.00	0.00	0.00	0.00	35381261.00	33382628.00
0.00	0.00	0.00	0.00	0.00	0.00	35383658.00	33385336.00
0.00	0.00	0.00	0.00	0.00	0.00	35465451.00	33386764.00
0.00	0.00	0.00	0.00	0.00	0.00	35475780.00	33495095.00
0.00	0.00	0.00	0.00	0.00	0.00	35530753.00	33512787.00
0.00	0.00	0.00	0.00	0.00	0.00	35732021.00	33522156.00
0.00	0.00	0.00	0.00	0.00	0.00	35753618.00	33544424.00
0.00	0.00	0.00	0.00	0.00	0.00	35754874.00	33603277.00
0.00	0.00	0.00	0.00	0.00	0.00	35829021.00	33804490.00
0.00	0.00	0.00	0.00	0.00	0.00	35832063.00	33805724.00
0.00	0.00	0.00	0.00	0.00	0.00	35911562.00	34217516.00
0.00	0.00	0.00	0.00	0.00	0.00	35920103.00	34225373.00
0.00	0.00	0.00	0.00	0.00	0.00	35953193.00	34232110.00
0.00	0.00	0.00	0.00	0.00	0.00	36116478.00	34292763.00
0.00	0.00	0.00	0.00	0.00	0.00	36159107.00	34302001.00
0.00	0.00	0.00	0.00	0.00	0.00	36184172.00	34307572.00
0.00	0.00	0.00	0.00	0.00	0.00	36270428.00	34334069.00
0.00	0.00	0.00	0.00	0.00	0.00	36366055.00	34398311.00
0.00	0.00	0.00	0.00	0.00	0.00	36388182.00	34398624.00
0.00	0.00	0.00	0.00	0.00	0.00	36397879.00	34446630.00
0.00	0.00	0.00	0.00	0.00	0.00	36472921.00	34452391.00
0.00	0.00	0.00	0.00	0.00	0.00	36535424.00	34455655.00
0.00	0.00	0.00	0.00	0.00	0.00	36574321.00	34468980.00
0.00	0.00	0.00	0.00	0.00	0.00	36611385.00	34470810.00
0.00	0.00	0.00	0.00	0.00	0.00	36656738.00	34474519.00
0.00	0.00	0.00	0.00	0.00	0.00	36810364.00	34480664.00
0.00	0.00	0.00	0.00	0.00	0.00	36851761.00	34493835.00
0.00	0.00	0.00	0.00	0.00	0.00	36901779.00	34520486.00
0.00	0.00	0.00	0.00	0.00	0.00	36984767.00	34622406.00
0.00	0.00	0.00	0.00	0.00	0.00	37034842.00	34641463.00
0.00	0.00	0.00	0.00	0.00	0.00	37208954.00	34679094.00
0.00	0.00	0.00	0.00	0.00	0.00	37212713.00	34679832.00
0.00	0.00	0.00	0.00	0.00	0.00	37240775.00	34724672.00
0.00	0.00	0.00	0.00	0.00	0.00	37254577.00	34730414.00
0.00	0.00	0.00	0.00	0.00	0.00	37273045.00	34798872.00
0.00	0.00	0.00	0.00	0.00	0.00	37421562.00	34801932.00
0.00	0.00	0.00	0.00	0.00	0.00	37430134.00	34847348.00
0.00	0.00	0.00	0.00	0.00	0.00	37487265.00	34853835.00
0.00	0.00	0.00	0.00	0.00	0.00	37489753.00	34867914.00
0.00	0.00	0.00	0.00	0.00	0.00	37636567.00	34911214.00
0.00	0.00	0.00	0.00	0.00	0.00	37759590.00	35023558.00
0.00	0.00	0.00	0.00	0.00	0.00	37791486.00	35036564.00
0.00	0.00	0.00	0.00	0.00	0.00	37832785.00	35178960.00
0.00	0.00	0.00	0.00	0.00	0.00	37850330.00	35180080.00
0.00	0.00	0.00	0.00	0.00	0.00	37945830.00	35198600.00
0.00	0.00	0.00	0.00	0.00	0.00	37967808.00	35237284.00
0.00	0.00	0.00	0.00	0.00	0.00	38027548.00	35270585.00
0.00	0.00	0.00	0.00	0.00	0.00	38051008.00	35271062.00
0.00	0.00	0.00	0.00	0.00	0.00	38291257.00	35276777.00
0.00	0.00	0.00	0.00	0.00	0.00	38436042.00	35284401.00
0.00	0.00	0.00	0.00	0.00	0.00	38470764.00	35293621.00
0.00	0.00	0.00	0.00	0.00	0.00	38499193.00	35297875.00
0.00	0.00	0.00	0.00	0.00	0.00	38586770.00	35324328.00
0.00	0.00	0.00	0.00	0.00	0.00	38844181.00	35346416.00
0.00	0.00	0.00	0.00	0.00	0.00	38910671.00	35352629.00
0.00	0.00	0.00	0.00	0.00	0.00	38935585.00	35356641.00
0.00	0.00	0.00	0.00	0.00	0.00	38950613.00	35360687.00
0.00	0.00	0.00	0.00	0.00	0.00	38969979.00	35389750.00
0.00	0.00	0.00	0.00	0.00	0.00	39009279.00	35429652.00
0.00	0.00	0.00	0.00	0.00	0.00	39028496.00	35437074.00
0.00	0.00	0.00	0.00	0.00	0.00	39034680.00	35573575.00
0.00	0.00	0.00	0.00	0.00	0.00	39092582.00	35600421.00
0.00	0.00	0.00	0.00	0.00	0.00	39125158.00	35668038.00
0.00	0.00	0.00	0.00	0.00	0.00	39170172.00	35690353.00
0.00	0.00	0.00	0.00	0.00	0.00	39186956.00	35708419.00
0.00	0.00	0.00	0.00	0.00	0.00	39238188.00	35743561.00
0.00	0.00	0.00	0.00	0.00	0.00	39259549.00	35745926.00
0.00	0.00	0.00	0.00	0.00	0.00	39299108.00	35748274.00
0.00	0.00	0.00	0.00	0.00	0.00	39473453.00	35750164.00
0.00	0.00	0.00	0.00	0.00	0.00	39496875.00	35765840.00
0.00	0.00	0.00	0.00	0.00	0.00	39500778.00	35836166.00
0.00	0.00	0.00	0.00	0.00	0.00	39502193.00	35853702.00
0.00	0.00	0.00	0.00	0.00	0.00	39524954.00	35886049.00
0.00	0.00	0.00	0.00	0.00	0.00	39590005.00	35889851.00
0.00	0.00	0.00	0.00	0.00	0.00	39593161.00	35900789.00
0.00	0.00	0.00	0.00	0.00	0.00	39614552.00	36162606.00
0.00	0.00	0.00	0.00	0.00	0.00	39620842.00	36219075.00
0.00	0.00	0.00	0.00	0.00	0.00	39677052.00	36257938.00
0.00	0.00	0.00	0.00	0.00	0.00	39758671.00	36332212.00
0.00	0.00	0.00	0.00	0.00	0.00	39913885.00	36345608.00
0.00	0.00	0.00	0.00	0.00	0.00	39938281.00	36363811.00
0.00	0.00	0.00	0.00	0.00	0.00	40006333.00	36366180.00
0.00	0.00	0.00	0.00	0.00	0.00	40013989.00	36378094.00
0.00	0.00	0.00	0.00	0.00	0.00	40017516.00	36401881.00
0.00	0.00	0.00	0.00	0.00	0.00	40045925.00	36402193.00
0.00	0.00	0.00	0.00	0.00	0.00	40064331.00	36420164.00
0.00	0.00	0.00	0.00	0.00	0.00	40152724.00	36424705.00
0.00	0.00	0.00	0.00	0.00	0.00	40163729.00	36489524.00
0.00	0.00	0.00	0.00	0.00	0.00	40197052.00	36524213.00
0.00	0.00	0.00	0.00	0.00	0.00	40269378.00	36661005.00
0.00	0.00	0.00	0.00	0.00	0.00	40283433.00	36696871.00
0.00	0.00	0.00	0.00	0.00	0.00	40295510.00	36805383.00
0.00	0.00	0.00	0.00	0.00	0.00	40318039.00	36947138.00
0.00	0.00	0.00	0.00	0.00	0.00	40327085.00	36962502.00
0.00	0.00	0.00	0.00	0.00	0.00	40342829.00	37017553.00
0.00	0.00	0.00	0.00	0.00	0.00	40403690.00	37120222.00
0.00	0.00	0.00	0.00	0.00	0.00	40455193.00	37137019.00
0.00	0.00	0.00	0.00	0.00	0.00	40554508.00	37140662.00
0.00	0.00	0.00	0.00	0.00	0.00	40562966.00	37176247.00
0.00	0.00	0.00	0.00	0.00	0.00	40591071.00	37229826.00
0.00	0.00	0.00	0.00	0.00	0.00	40599690.00	37235210.00
0.00	0.00	0.00	0.00	0.00	0.00	40602600.00	37275616.00
0.00	0.00	0.00	0.00	0.00	0.00	40632370.00	37304743.00
0.00	0.00	0.00	0.00	0.00	0.00	40660072.00	37490204.00
0.00	0.00	0.00	0.00	0.00	0.00	40668524.00	37497147.00
0.00	0.00	0.00	0.00	0.00	0.00	40685834.00	37543030.00
0.00	0.00	0.00	0.00	0.00	0.00	40830431.00	37566178.00
0.00	0.00	0.00	0.00	0.00	0.00	40838212.00	37610383.00
0.00	0.00	0.00	0.00	0.00	0.00	40857233.00	37641564.00
0.00	0.00	0.00	0.00	0.00	0.00	40873928.00	37849273.00
0.00	0.00	0.00	0.00	0.00	0.00	40884924.00	37851080.00
0.00	0.00	0.00	0.00	0.00	0.00	40888700.00	37909585.00
0.00	0.00	0.00	0.00	0.00	0.00	40891776.00	37916562.00
0.00	0.00	0.00	0.00	0.00	0.00	41007193.00	37922088.00
0.00	0.00	0.00	0.00	0.00	0.00	41011378.00	37929086.00
0.00	0.00	0.00	0.00	0.00	0.00	41027723.00	38036894.00
0.00	0.00	0.00	0.00	0.00	0.00	41029522.00	38106423.00
0.00	0.00	0.00	0.00	0.00	0.00	41147754.00	38124926.00
0.00	0.00	0.00	0.00	0.00	0.00	41209686.00	38220224.00
0.00	0.00	0.00	0.00	0.00	0.00	41243307.00	38225397.00
0.00	0.00	0.00	0.00	0.00	0.00	41245590.00	38233600.00
0.00	0.00	0.00	0.00	0.00	0.00	41268824.00	38320458.00
0.00	0.00	0.00	0.00	0.00	0.00	41283670.00	38340511.00
0.00	0.00	0.00	0.00	0.00	0.00	41315061.00	38341319.00
0.00	0.00	0.00	0.00	0.00	0.00	41322845.00	38454092.00
0.00	0.00	0.00	0.00	0.00	0.00	41372944.00	38459344.00
0.00	0.00	0.00	0.00	0.00	0.00	41444009.00	38497178.00
0.00	0.00	0.00	0.00	0.00	0.00	41447932.00	38557453.00
0.00	0.00	0.00	0.00	0.00	0.00	41461827.00	38590348.00
0.00	0.00	0.00	0.00	0.00	0.00	41476573.00	38601349.00
0.00	0.00	0.00	0.00	0.00	0.00	41481183.00	38786532.00
0.00	0.00	0.00	0.00	0.00	0.00	41486379.00	38792520.00
0.00	0.00	0.00	0.00	0.00	0.00	41490130.00	38817487.00
0.00	0.00	0.00	0.00	0.00	0.00	41491259.00	38864958.00
0.00	0.00	0.00	0.00	0.00	0.00	41499216.00	38872816.00
0.00	0.00	0.00	0.00	0.00	0.00	41506657.00	38927984.00
0.00	0.00	0.00	0.00	0.00	0.00	41520049.00	38939054.00
0.00	0.00	0.00	0.00	0.00	0.00	41532520.00	38940106.00
0.00	0.00	0.00	0.00	0.00	0.00	41537290.00	38944795.00
0.00	0.00	0.00	0.00	0.00	0.00	41540529.00	38945995.00
0.00	0.00	0.00	0.00	0.00	0.00	41541867.00	38958592.00
0.00	0.00	0.00	0.00	0.00	0.00	41581257.00	38988796.00
0.00	0.00	0.00	0.00	0.00	0.00	41620626.00	39004793.00
0.00	0.00	0.00	0.00	0.00	0.00	41708295.00	39011839.00
0.00	0.00	0.00	0.00	0.00	0.00	41780501.00	39107525.00
0.00	0.00	0.00	0.00	0.00	0.00	41881014.00	39174581.00
0.00	0.00	0.00	0.00	0.00	0.00	41954290.00	39200334.00
0.00	0.00	0.00	0.00	0.00	0.00	42112975.00	39290774.00
0.00	0.00	0.00	0.00	0.00	0.00	42203402.00	39353369.00
0.00	0.00	0.00	0.00	0.00	0.00	42215192.00	39400508.00
0.00	0.00	0.00	0.00	0.00	0.00	42468224.00	39406125.00
0.00	0.00	0.00	0.00	0.00	0.00	42470233.00	39422389.00
0.00	0.00	0.00	0.00	0.00	0.00	42475745.00	39497002.00
0.00	0.00	0.00	0.00	0.00	0.00	42650641.00	39501108.00
0.00	0.00	0.00	0.00	0.00	0.00	42668254.00	39504416.00
0.00	0.00	0.00	0.00	0.00	0.00	42676652.00	39509317.00
0.00	0.00	0.00	0.00	0.00	0.00	42745098.00	39601008.00
0.00	0.00	0.00	0.00	0.00	0.00	42812483.00	39722061.00
0.00	0.00	0.00	0.00	0.00	0.00	42818470.00	39723095.00
0.00	0.00	0.00	0.00	0.00	0.00	42842778.00	39789692.00
0.00	0.00	0.00	0.00	0.00	0.00	42909593.00	39840100.00
0.00	0.00	0.00	0.00	0.00	0.00	42921290.00	39850497.00
0.00	0.00	0.00	0.00	0.00	0.00	42959385.00	39860185.00
0.00	0.00	0.00	0.00	0.00	0.00	42975525.00	39914857.00
0.00	0.00	0.00	0.00	0.00	0.00	42981268.00	39937008.00
0.00	0.00	0.00	0.00	0.00	0.00	43054778.00	39956757.00
0.00	0.00	0.00	0.00	0.00	0.00	43113597.00	39962462.00
0.00	0.00	0.00	0.00	0.00	0.00	43138818.00	39969094.00
0.00	0.00	0.00	0.00	0.00	0.00	43233750.00	39995454.00
0.00	0.00	0.00	0.00	0.00	0.00	43238015.00	40019641.00
0.00	0.00	0.00	0.00	0.00	0.00	43253812.00	40029025.00
0.00	0.00	0.00	0.00	0.00	0.00	43269679.00	40126404.00
0.00	0.00	0.00	0.00	0.00	0.00	43275969.00	40159004.00
0.00	0.00	0.00	0.00	0.00	0.00	43286334.00	40169537.00
0.00	0.00	0.00	0.00	0.00	0.00	43292515.00	40191020.00
0.00	0.00	0.00	0.00	0.00	0.00	43320736.00	40277375.00
0.00	0.00	0.00	0.00	0.00	0.00	43321198.00	40340767.00
0.00	0.00	0.00	0.00	0.00	0.00	43321519.00	40383288.00
0.00	0.00	0.00	0.00	0.00	0.00	43323250.00	40408773.00
0.00	0.00	0.00	0.00	0.00	0.00	43324771.00	40438770.00
0.00	0.00	0.00	0.00	0.00	0.00	43327842.00	40507175.00
0.00	0.00	0.00	0.00	0.00	0.00	43329724.00	40513055.00
0.00	0.00	0.00	0.00	0.00	0.00	43342408.00	40618965.00
0.00	0.00	0.00	0.00	0.00	0.00	43342699.00	40630688.00
0.00	0.00	0.00	0.00	0.00	0.00	43348518.00	40631750.00
0.00	0.00	0.00	0.00	0.00	0.00	43350390.00	40634170.00
0.00	0.00	0.00	0.00	0.00	0.00	43381863.00	40733742.00
0.00	0.00	0.00	0.00	0.00	0.00	43641722.00	40773098.00
0.00	0.00	0.00	0.00	0.00	0.00	43656517.00	40784372.00
0.00	0.00	0.00	0.00	0.00	0.00	43670116.00	40802019.00
0.00	0.00	0.00	0.00	0.00	0.00	43689410.00	40819556.00
0.00	0.00	0.00	0.00	0.00	0.00	43704696.00	40884821.00
0.00	0.00	0.00	0.00	0.00	0.00	43832110.00	40885343.00
0.00	0.00	0.00	0.00	0.00	0.00	43938857.00	40895813.00
0.00	0.00	0.00	0.00	0.00	0.00	43955183.00	40930362.00
0.00	0.00	0.00	0.00	0.00	0.00	44002956.00	40998236.00
0.00	0.00	0.00	0.00	0.00	0.00	44011351.00	41086198.00
0.00	0.00	0.00	0.00	0.00	0.00	44034536.00	41087781.00
0.00	0.00	0.00	0.00	0.00	0.00	44064180.00	41148459.00
0.00	0.00	0.00	0.00	0.00	0.00	44072597.00	41190568.00
0.00	0.00	0.00	0.00	0.00	0.00	44093445.00	41209002.00
0.00	0.00	0.00	0.00	0.00	0.00	44111824.00	41213154.00
0.00	0.00	0.00	0.00	0.00	0.00	44368558.00	41244347.00
0.00	0.00	0.00	0.00	0.00	0.00	44461456.00	41253332.00
0.00	0.00	0.00	0.00	0.00	0.00	44511746.00	41258260.00
0.00	0.00	0.00	0.00	0.00	0.00	44777634.00	41271702.00
0.00	0.00	0.00	0.00	0.00	0.00	44791155.00	41279137.00
0.00	0.00	0.00	0.00	0.00	0.00	44905501.00	41282483.00
0.00	0.00	0.00	0.00	0.00	0.00	44909148.00	41285050.00
0.00	0.00	0.00	0.00	0.00	0.00	45175079.00	41293280.00
0.00	0.00	0.00	0.00	0.00	0.00	45270121.00	41370645.00
0.00	0.00	0.00	0.00	0.00	0.00	45272335.00	41484898.00
0.00	0.00	0.00	0.00	0.00	0.00	45284069.00	41488674.00
0.00	0.00	0.00	0.00	0.00	0.00	45289407.00	41500740.00
0.00	0.00	0.00	0.00	0.00	0.00	45289723.00	41517461.00
0.00	0.00	0.00	0.00	0.00	0.00	45315313.00	41521697.00
0.00	0.00	0.00	0.00	0.00	0.00	45387728.00	41522694.00
0.00	0.00	0.00	0.00	0.00	0.00	45391557.00	41524155.00
0.00	0.00	0.00	0.00	0.00	0.00	45432078.00	41524680.00
0.00	0.00	0.00	0.00	0.00	0.00	45593078.00	41526815.00
0.00	0.00	0.00	0.00	0.00	0.00	45622128.00	41536068.00
0.00	0.00	0.00	0.00	0.00	0.00	45671996.00	41536365.00
0.00	0.00	0.00	0.00	0.00	0.00	45675639.00	41540837.00
0.00	0.00	0.00	0.00	0.00	0.00	45710031.00	41545159.00
0.00	0.00	0.00	0.00	0.00	0.00	45830840.00	41548505.00
0.00	0.00	0.00	0.00	0.00	0.00	45903106.00	41549516.00
0.00	0.00	0.00	0.00	0.00	0.00	45935888.00	41568609.00
0.00	0.00	0.00	0.00	0.00	0.00	45937586.00	41578738.00
0.00	0.00	0.00	0.00	0.00	0.00	46056038.00	41644210.00
0.00	0.00	0.00	0.00	0.00	0.00	46057539.00	41661614.00
0.00	0.00	0.00	0.00	0.00	0.00	46058844.00	41676604.00
0.00	0.00	0.00	0.00	0.00	0.00	46059153.00	41699206.00
0.00	0.00	0.00	0.00	0.00	0.00	46059929.00	41705156.00